Tipo Finalidade Endereço Bairro Cidade Área Valor IPTU Quartos Suítes Banheiros Vagas Cozinha Sala Varanda Área_de_Serviço Piso Conservação Armários Ar-condicionado Aquecedor Ventilador
apartamento aluguel Avenida_Getúlio_Vargas Centro Alfenas 75 1200 150 2 0 1 1 sim sim sim sim laminado reformado sim sim não não 
terreno venda Rua_dos_Ipês Loteamento_Portal_do_Lago Alfenas 300 180000 300 0 0 0 0 não não não não terra novo não não não não 
sala_comercial aluguel Rua_Tiradentes Centro Alfenas 45 900 120 0 0 1 0 não sim não não porcelanato novo não sim não não 
galpão venda Distrito_Industrial Distrito_Industrial Alfenas 1500 850000 2500 0 0 2 5 sim sim não sim cimento usado não não não não 
casa aluguel Rua_das_Acácias Jardim_das_Oliveiras Alfenas 90 1500 200 2 1 2 1 sim sim sim sim cerâmica reformado sim não sim sim 
apartamento venda Avenida_João_Pinheiro Centro Alfenas 110 480000 1100 3 1 2 2 sim sim sim sim porcelanato novo sim sim não não 
terreno aluguel Estrada_para_Serrania Zona_Rural Alfenas 5000 500 80 0 0 0 0 não não não não terra novo não não não não 
sala_comercial venda Praça_Getúlio_Vargas Centro Alfenas 60 250000 350 0 0 1 0 não sim não não cerâmica usado não sim não não 
galpão aluguel Rua_da_Saudade Distrito_Industrial Alfenas 800 4000 1800 0 0 1 3 sim sim não sim cimento reformado não não não não 
casa temporada Avenida_Beira_Lago Pontal Alfenas 150 300 0 0 0 0 0           
     0 0 0 0 0 0 0           
     0 0 0 0 0 0 0           
     0 0 0 0 0 0 0           
     0 0 0 0 0 0 0           
     0 0 0 0 0 0 0           
     0 0 0 0 0 0 0           
     0 0 0 0 0 0 0           
     0 0 0 0 0 0 0           
     0 0 0 0 0 0 0           
     0 0 0 0 0 0 0           
     0 0 0 0 0 0 0           
     0 0 0 0 0 0 0           
     0 0 0 0 0 0 0           
     0 0 0 0 0 0 0           
     0 0 0 0 0 0 0           
     0 0 0 0 0 0 0           
     0 0 0 0 0 0 0           
     0 0 0 0 0 0 0           
     0 0 0 0 0 0 0           
     0 0 0 0 0 0 0           
     0 0 0 0 0 0 0           
     0 0 0 0 0 0 0           
     0 0 0 0 0 0 0           
     0 0 0 0 0 0 0           
     0 0 0 0 0 0 0           
     0 0 0 0 0 0 0           
     0 0 0 0 0 0 0           
     0 0 0 0 0 0 0           
     0 0 0 0 0 0 0           
     0 0 0 0 0 0 0           
     0 0 0 0 0 0 0           
     0 0 0 0 0 0 0           
     0 0 0 0 0 0 0           
     0 0 0 0 0 0 0           
     0 0 0 0 0 0 0           
     0 0 0 0 0 0 0           
     0 0 0 0 0 0 0           
     0 0 0 0 0 0 0           
     0 0 0 0 0 0 0           
     0 0 0 0 0 0 0           
     0 0 0 0 0 0 0           
     0 0 0 0 0 0 0           
     0 0 0 0 0 0 0           
     0 0 0 0 0 0 0           
     0 0 0 0 0 0 0           
     0 0 0 0 0 0 0           
     0 0 0 0 0 0 0           
     0 0 0 0 0 0 0           
     0 0 0 0 0 0 0           
     0 0 0 0 0 0 0           
     0 0 0 0 0 0 0           
     0 0 0 0 0 0 0           
     0 0 0 0 0 0 0           
     0 0 0 0 0 0 0           
     0 0 0 0 0 0 0           
     0 0 0 0 0 0 0           
     0 0 0 0 0 0 0           
     0 0 0 0 0 0 0           
     0 0 0 0 0 0 0           
     0 0 0 0 0 0 0           
     0 0 0 0 0 0 0           
     0 0 0 0 0 0 0           
     0 0 0 0 0 0 0           
     0 0 0 0 0 0 0           
     0 0 0 0 0 0 0           
     0 0 0 0 0 0 0           
     0 0 0 0 0 0 0           
     0 0 0 0 0 0 0           
     0 0 0 0 0 0 0           
     0 0 0 0 0 0 0           
     0 0 0 0 0 0 0           
     0 0 0 0 0 0 0           
     0 0 0 0 0 0 0           
     0 0 0 0 0 0 0           
     0 0 0 0 0 0 0           
     0 0 0 0 0 0 0           
     0 0 0 0 0 0 0           
     0 0 0 0 0 0 0           
     0 0 0 0 0 0 0           
     0 0 0 0 0 0 0           
     0 0 0 0 0 0 0           
     0 0 0 0 0 0 0           
     0 0 0 0 0 0 0           
     0 0 0 0 0 0 0           
     0 0 0 0 0 0 0           
     0 0 0 0 0 0 0           
     0 0 0 0 0 0 0           
     0 0 0 0 0 0 0           
     0 0 0 0 0 0 0           
     0 0 0 0 0 0 0           
     0 0 0 0 0 0 0           
     0 0 0 0 0 0 0           
     0 0 0 0 0 0 0           
     0 0 0 0 0 0 0           
     0 0 0 0 0 0 0           
     0 0 0 0 0 0 0           
     0 0 0 0 0 0 0           
     0 0 0 0 0 0 0           
     0 0 0 0 0 0 0           
     0 0 0 0 0 0 0           
     0 0 0 0 0 0 0           
     0 0 0 0 0 0 0           
     0 0 0 0 0 0 0           
     0 0 0 0 0 0 0           
     0 0 0 0 0 0 0           
     0 0 0 0 0 0 0           
     0 0 0 0 0 0 0           
     0 0 0 0 0 0 0           
     0 0 0 0 0 0 0           
     0 0 0 0 0 0 0           
     0 0 0 0 0 0 0           
     0 24 0 1996364880 64 0 0           
     1997090223 0 0 0 2457600 0 0           
     0 0 0 0 0 0 0           
     0 0 0 0 0 0 0           
     0 0 0 0 0 0 0           
     0 0 0 0 0 0 0           
     0 0 0 0 0 0 0           
     0 0 0 0 0 0 0           
     -1468171780 1996671375 -1468171792 33 7005952 256 0           
     -551986120 -2 7005924 1996697670 7005952 7005876 0           
     2147483646 7006988 1965355898 7005960 7008212 1965355916 34078730           
     0 0 0 0 0 0 0           
     0 0 0 7006156 1996851744 7006228 655612           
     1996663297 7006468 661352 0 16777596 0 13100           
     7006692 0 0 661352 0 7006384 32           
     7007508 1996829420 1965473802 7007508 131097 7006416 7008212           
     7536745 7471220 6029433 6357069 6815843 7209065 6029413           
     7077999 5111900 7536748 5439580 7471215 6881396 6750318           
     939455 851968 131832 7010120 1996862832 -551985736 -2           
     7006756 1965866452 45034557 72 7006784 7006796 7006808           
     1996663756 7007040 661352 1952 37076676 663224 655360           
     7007116 7007040 7006960 7006956 7006940 7006948 1996829500           
     7008156 1965528931 7007028 532 1 0 256           
     0 0 0 0 0 0 0           
     7007176 7007176 2 2 0 -1468173124 7007556           
     0 0 917696 32 0 0 917524           
     -291 0 0 0 0 0 0           
     0 935528 1996829500 1965474282 228 7007480 1           
     8 7008216 256 1965469310 0 941736 32           
     7077989 3276851 6553646 7077996 0 0 0           
     0 256 937120 1 -4 1 0           
     256 0 256 0 1 0 7008984           
     589832 720906 851980 983054 1114128 1245202 1376276           
     3473460 3604534 3735608 3866682 3997756 4128830 4259904           
     4259936 4390978 4522052 4653126 4784200 4915274 5046348           
     9240914 9372029 538443920 538714137 539107357 538189843 555877084           
     12124344 12255418 12386492 12517566 12648640 12779714 12910788           
     12910788 13041862 13172936 13304010 13435084 13566158 13697232           
     589832 720906 851980 983054 1114128 1245202 1376276           
     3473460 3604534 3735608 3866682 3997756 4128830 4259904           
     6357088 6488162 6619236 6750310 6881384 7012458 7143532           
     9240914 9372029 538443920 538714137 539107357 538189843 555877084           
     12124344 12255418 12386492 12517566 12648640 12779714 12910788           
     15007972 15139046 15270120 15401194 15532268 15663342 15794416           
     7007848 853974322 7008376 0 0 7008376 7007848           
     256 7009636 256 1252 0 1962950776 1962955200           
     1962533752 11998960 1 63 0 0 1996619776           
     35652128 34603592 34603536 34603536 34603536 34603536 34603536           
     50397953 50397953 50397953 50397953 50397953 50397953 50397953           
     50463490 50463490 34603778 34603536 35652112 35652096 50463248           
     34603536 34603536 34603536 34603536 34603794 36700688 34603536           
     7009964 1996649554 1996656443 -1468175932 11993088 24 7010120           
     7010184 1996649554 1996656443 -1468176276 11993088 1862271342 7010208           
     11999512 127 730 11999504 -317 -317 45           
     49 45 11993088 2048 0 1862271342 11993280           
     0 24 180 0 12002424 65536 11993712           
     32 11993780 7010064 0 11993088 11993712 11998543           
     3 11993812 4 11993088 12021728 11993088 1996622797           
     1996623375 1 12007208 127 1816 12007200 11993088           
     127 7010684 11993088 1996652792 12007208 0 917504           
     0 11996256 853972950 452985624 1 50331651 934504           
     947440 1996641034 -1468176736 934496 917504 0 918754           
     918176 127 127 15 -820 127 25           
     1996656443 -1468176980 11993088 1996652792 12017064 0 1996656443           
     11993088 1241514568 7011248 1241514568 7011124 771752492 1996656443           
     771752492 -528 771752492 1996641034 -1468177320 12016856 486604828           
     0 11993088 28 50331651 28 556 0           
     1 12017056 12017064 2047 0 5 556           
     11993712 16907120 28 28 224 11993876 7011256           
     12002464 4799360 1965443217 16876068 469762076 12017064 771752492           
     83886085 12016840 853972034 12017016 12016840 11993088 5           
     0 128 6946816 11993784 1 12002456 12002704           
     28 12016840 11993712 12002464 0 16842752 0           
     7011672 1996862832 -551985704 -2 7011580 1996915197 0           
     0 4254638 4757088 4754240 0 4199040 1944           
     4753000 -1468177832 0 4371880 0 0 7012008           
     4753000 4799320 4751708 4799320 7011772 4199040 1944           
     11996276 -1183711835 7011912 1962504434 11993088 0 11996256           
     11996256 853971202 24 11996256 11996280 7011996 1962632433           
